epoch=1:The AP of new ranking is 0.7030388356049037.
epoch=2:The AP of new ranking is 0.7046718462208034.
epoch=3:The AP of new ranking is 0.6983011301852384.
